1000
38 3 52
85 2 99
68 76 65
97 88 98
48 86 21
52 36 12
56 43 8
55 48 15
80 80 99
3 19 75
95 82 27
15 87 67
70 57 74
55 4 97
55 3 20
38 4 40
48 69 67
93 62 100
7 84 22
54 98 4
50 78 61
39 39 55
54 31 99
28 14 70
100 28 10
73 9 85
14 36 81
43 99 74
85 96 27
54 86 32
79 8 72
39 62 100
29 11 42
18 82 44
2 94 46
82 24 95
45 58 69
53 89 74
50 69 97
72 36 27
13 15 75
19 67 40
28 2 36
25 68 86
32 77 66
37 26 33
84 58 8
45 3 87
22 61 99
0 33 60
87 15 84
94 54 91
50 95 41
43 30 26
89 8 11
57 76 73
38 20 36
61 88 67
49 60 88
84 79 64
67 5 11
15 27 85
38 86 11
54 72 3
49 73 97
61 18 70
23 60 91
97 58 73
18 56 55
34 74 94
5 47 66
60 100 78
79 74 13
97 76 47
37 92 57
6 90 18
56 1 93
2 42 20
53 90 67
72 15 93
52 60 75
77 97 48
71 35 27
95 52 21
46 13 67
84 95 42
95 11 94
7 79 5
37 62 67
94 29 22
1 54 73
78 53 78
13 17 1
0 32 79
65 77 35
84 5 4
67 94 53
6 33 77
25 43 87
42 93 80
97 81 53
9 100 8
6 57 10
6 12 13
23 70 19
34 54 33
88 27 3
21 1 14
97 10 91
11 30 40
52 72 19
42 67 14
43 47 33
100 26 16
78 21 43
97 87 65
16 79 40
57 75 18
41 85 37
17 73 94
28 37 95
7 55 85
14 33 90
94 30 5
41 58 27
3 89 85
61 9 64
22 75 38
90 69 60
98 39 27
82 45 77
27 69 53
57 85 91
70 25 2
79 26 26
30 60 84
42 58 87
29 72 80
98 6 75
61 30 32
35 8 16
51 46 69
34 44 91
100 91 95
1 90 31
55 99 81
19 8 1
77 83 58
34 85 73
49 37 81
77 83 32
26 54 1
67 68 52
30 29 57
55 68 37
31 30 58
2 36 39
57 66 7
54 84 77
93 28 75
47 32 85
88 40 84
55 93 15
56 87 92
64 88 26
58 36 22
59 75 32
38 55 3
81 38 43
79 88 11
23 74 80
66 22 24
88 58 41
23 66 83
65 91 93
43 97 35
31 9 89
91 54 60
48 55 54
40 47 81
67 60 99
34 98 65
47 66 68
85 67 94
25 54 15
79 94 60
20 62 88
82 2 69
88 98 52
67 3 26
31 57 62
59 43 87
90 14 81
59 89 41
52 39 2
76 85 40
62 18 5
32 43 54
19 80 12
82 87 30
87 78 17
13 55 55
6 36 66
36 64 15
95 23 15
28 74 83
80 15 95
43 82 18
5 85 97
58 85 42
66 89 30
95 95 17
82 77 39
72 45 65
65 69 32
28 11 21
67 45 84
86 25 64
98 100 65
80 2 41
60 5 38
80 53 38
35 73 75
73 5 80
53 52 65
21 53 4
97 69 86
93 24 72
64 70 73
55 36 81
44 52 32
82 94 57
90 69 64
47 2 34
75 91 13
26 92 27
48 100 7
47 66 45
38 42 11
61 95 87
44 5 97
27 56 28
99 97 98
70 87 37
9 72 95
32 98 7
34 27 91
63 4 15
36 4 21
22 14 70
32 47 87
73 7 6
35 72 76
73 81 29
12 72 83
78 13 34
84 90 42
19 7 99
44 52 32
17 17 24
59 8 29
20 56 69
18 28 91
20 46 23
93 73 87
5 92 68
69 25 52
95 59 36
34 26 6
99 70 86
40 5 31
37 87 8
5 20 37
37 43 86
3 83 27
86 41 9
92 80 87
69 96 28
3 31 48
19 41 36
51 57 31
52 27 39
40 67 34
96 95 29
52 23 15
81 88 84
36 54 38
83 45 78
2 32 95
20 98 70
100 66 13
52 68 11
14 60 30
13 15 91
95 88 7
33 56 65
0 15 62
76 27 10
97 10 17
6 45 79
13 69 20
43 44 59
75 71 84
2 86 38
24 1 68
92 55 47
93 8 68
61 71 58
47 74 14
96 31 25
27 23 72
17 24 45
6 56 93
77 46 25
49 22 17
97 48 53
61 11 30
17 8 18
64 81 11
55 37 9
45 94 28
58 27 76
61 34 14
91 88 3
28 12 87
95 85 81
41 97 37
54 18 72
51 16 84
58 20 9
65 19 26
25 2 9
54 99 95
96 80 66
90 48 65
61 63 52
87 70 20
11 45 47
40 76 92
69 39 59
86 89 75
93 73 82
99 60 89
29 16 45
71 86 34
6 74 68
74 27 60
23 65 87
63 97 5
86 7 52
49 35 2
99 13 4
42 25 39
83 88 33
84 79 77
74 13 7
41 87 80
38 13 28
85 33 65
87 47 83
4 25 17
79 40 83
66 69 9
31 10 68
38 13 25
38 92 85
99 61 22
24 29 11
14 46 40
72 84 72
95 24 55
50 91 58
48 59 23
12 3 26
17 36 76
4 57 29
95 61 13
91 10 57
68 45 5
22 97 31
97 7 12
41 12 92
62 87 92
13 47 81
28 46 55
30 83 16
60 34 72
4 92 13
47 25 9
34 68 35
52 79 8
100 68 14
51 61 95
98 42 24
38 96 19
75 56 53
58 20 22
57 75 37
14 10 10
2 96 76
14 65 87
2 9 3
90 77 46
78 22 46
76 58 19
89 41 20
100 91 42
90 98 72
83 15 78
56 48 75
10 67 92
89 84 47
41 20 71
80 33 25
49 34 10
82 56 91
39 12 84
38 10 22
5 4 81
68 88 23
29 23 13
50 66 61
84 63 8
69 91 72
37 2 41
47 88 70
35 87 31
28 53 36
53 48 96
87 40 57
57 10 21
79 48 79
18 75 3
56 91 37
35 9 73
52 56 84
100 89 96
74 35 78
11 5 82
79 7 62
34 10 100
98 28 93
96 33 27
50 58 100
64 85 30
15 90 92
84 32 46
29 90 66
16 58 27
44 4 23
67 58 20
86 23 47
25 18 17
66 17 16
32 46 61
41 54 55
82 42 37
59 22 76
100 55 38
38 2 57
6 53 79
13 64 55
63 38 11
89 80 48
14 78 60
1 13 64
6 27 73
9 78 90
74 35 91
91 59 33
0 89 69
46 4 73
26 4 85
77 75 10
63 39 40
75 37 68
49 32 95
21 66 14
66 16 67
35 62 33
52 29 5
28 95 98
0 68 90
98 4 46
90 76 61
34 78 66
100 91 18
72 9 77
14 98 61
84 30 23
87 37 36
9 67 78
46 54 18
79 67 41
75 96 31
63 90 6
75 12 4
24 8 15
29 37 5
35 16 42
77 18 99
91 77 4
33 36 11
37 65 24
13 78 5
29 36 86
44 88 41
45 39 5
53 85 73
59 96 91
55 80 45
33 29 79
83 41 63
95 20 58
77 91 2
34 92 25
47 53 21
100 45 18
82 70 56
34 29 37
65 81 74
5 36 8
83 77 98
91 47 20
45 62 57
36 41 40
18 95 60
81 69 83
25 93 2
10 32 14
7 21 17
16 74 2
73 32 97
98 38 32
100 74 54
61 29 41
16 53 10
94 11 37
74 29 63
94 29 61
57 98 14
2 67 55
7 52 33
6 37 12
42 4 54
17 6 40
88 56 9
44 95 98
69 96 3
18 18 95
35 97 48
100 1 1
20 2 14
27 81 7
83 39 80
70 15 34
97 70 4
22 15 99
92 10 71
34 5 87
36 17 39
63 5 13
59 31 96
4 80 61
17 79 13
88 5 55
92 7 98
11 45 87
69 44 38
8 3 76
15 19 12
36 61 83
22 89 58
92 31 9
84 71 12
54 53 91
20 39 43
95 53 33
2 1 3
21 80 63
30 44 90
28 95 81
10 5 43
80 46 30
68 82 88
37 59 59
16 20 13
44 71 96
55 83 24
51 65 58
20 28 98
40 29 19
8 58 1
56 61 7
76 41 73
39 62 18
74 86 76
43 82 22
27 6 1
65 83 43
85 85 71
37 87 64
8 100 13
61 85 22
19 77 72
53 80 34
41 85 26
49 47 74
95 44 79
73 94 45
82 32 14
1 74 53
25 69 7
18 75 8
100 18 7
21 89 97
63 47 47
1 52 5
67 14 93
7 13 96
21 63 84
16 12 2
41 88 72
84 69 3
100 17 30
50 20 90
88 93 40
92 38 94
44 7 12
75 79 54
53 76 77
75 28 25
52 44 12
74 77 38
6 68 91
39 72 57
4 90 64
32 68 96
94 13 95
33 39 73
67 88 33
80 32 67
55 2 71
42 67 86
69 11 77
78 23 25
60 57 42
91 5 25
2 20 12
31 47 82
31 15 100
48 48 69
11 83 30
29 81 85
58 90 100
21 60 67
100 66 7
91 25 16
7 56 41
38 6 39
34 99 40
35 55 45
43 19 26
28 100 1
46 59 25
0 92 67
39 68 89
51 9 46
61 6 25
87 20 40
84 70 75
16 11 38
80 74 70
70 35 42
78 12 26
5 95 26
96 46 59
81 14 29
99 70 27
36 42 44
39 42 75
11 32 65
7 95 21
55 94 47
10 28 72
28 13 37
23 8 13
62 86 17
16 66 96
82 55 91
50 36 93
22 20 89
36 60 91
63 43 23
4 64 60
31 90 6
17 52 13
58 91 89
31 86 25
12 65 66
100 37 76
46 13 25
67 1 56
88 45 37
2 57 53
60 38 13
98 41 60
23 24 41
11 72 92
5 42 25
14 89 2
53 70 66
58 99 46
19 87 86
12 88 91
19 78 93
66 20 11
82 79 96
89 74 71
70 35 40
5 77 17
54 12 86
60 52 78
34 15 71
37 24 17
84 58 56
22 21 46
10 33 33
61 12 61
19 13 36
13 62 100
44 33 42
87 12 14
65 46 89
88 55 34
99 95 91
93 37 34
77 28 9
77 89 75
44 35 57
21 84 62
60 81 24
65 89 98
7 52 70
41 5 75
30 9 85
41 26 27
86 92 88
12 72 15
9 3 8
24 60 67
90 93 62
66 68 37
53 77 48
0 55 55
13 21 19
53 66 72
0 39 48
100 9 27
47 8 15
94 62 11
19 57 99
41 9 44
90 63 36
93 21 57
99 99 99
61 87 41
54 36 40
74 32 16
89 48 39
2 48 25
30 86 56
6 26 84
99 3 95
4 47 1
70 100 38
51 52 94
78 3 72
54 73 68
83 53 23
69 62 92
82 65 54
40 32 40
3 38 18
97 16 13
31 37 19
45 24 72
70 29 55
31 46 91
15 81 30
33 55 85
84 38 75
57 28 81
65 34 26
17 63 22
30 94 18
78 71 68
100 33 89
10 55 4
77 89 85
90 16 86
67 67 62
85 74 65
98 80 87
28 16 5
67 10 77
13 63 44
91 10 23
66 26 38
90 37 82
34 72 75
86 98 75
25 61 69
27 23 13
77 46 98
32 15 55
24 98 37
72 69 8
81 4 75
26 20 90
0 42 24
49 2 81
41 35 64
75 40 70
14 72 37
72 21 28
17 81 100
0 10 42
64 15 25
17 46 54
14 63 94
92 40 17
73 93 3
9 77 77
49 42 78
46 26 68
48 21 33
75 31 59
47 27 41
97 82 93
100 98 41
81 3 94
40 58 61
52 69 42
30 41 28
96 46 9
26 7 46
2 76 15
85 68 41
50 22 39
48 38 28
100 84 72
8 2 87
13 68 39
27 63 72
79 12 10
33 6 28
20 18 1
36 98 27
96 74 56
91 74 34
86 75 33
31 8 81
85 70 9
22 42 25
1 69 27
7 78 53
20 46 63
57 48 78
78 28 94
32 10 75
44 31 91
70 44 46
19 32 19
2 59 23
19 77 96
99 35 58
65 42 19
61 11 97
31 3 8
31 11 66
1 87 71
57 52 31
28 9 52
8 64 34
87 93 35
7 25 48
30 15 68
46 100 56
98 13 29
48 16 37
100 64 45
85 71 33
7 29 92
27 86 68
48 77 79
59 30 79
38 31 43
51 26 61
96 100 18
23 58 58
17 89 70
16 86 46
92 4 28
17 75 28
76 70 22
91 2 12
54 13 86
88 98 54
37 73 10
10 22 75
31 80 31
37 54 52
54 47 14
84 79 48
11 97 8
26 91 40
72 73 82
93 62 88
6 97 77
96 10 58
42 7 15
8 7 32
65 70 12
41 97 68
2 72 59
79 87 63
4 78 15
10 34 82
68 63 40
56 6 32
75 18 61
37 77 96
1 12 64
43 89 76
25 63 58
2 77 57
98 23 27
25 60 20
93 91 57
49 43 41
75 53 41
33 17 14
60 98 27
83 83 38
30 17 52
45 54 78
22 2 57
0 34 29
97 24 78
25 12 74
22 54 16
73 6 68
72 53 57
47 71 80
82 89 7
18 66 28
74 32 14
84 40 70
57 92 78
52 79 95
82 47 46
3 8 88
68 13 87
1 81 66
29 2 60
21 17 22
50 22 86
18 57 73
29 35 24
28 88 81
43 48 99
95 22 15
23 89 93
93 85 66
17 78 67
68 85 59
10 38 38
99 92 60
75 76 37
49 86 5
79 70 92
63 73 6
98 29 77
5 5 86
81 58 33
36 98 30
27 61 19
43 86 20
34 66 96
66 96 69
90 24 63
100 31 47
12 55 55
41 32 82
90 72 20
79 4 33
64 38 29
40 87 59
47 88 38
